10
10
13
5
one
1
60 142 156 120 63 91 134 169 214 90 63 110 106 121 61 36 71 59 54 30 6 15 18 17 15 6 7 10 14 16 5 6 10 14 18 16 9 14 19 23 0 6 7 12 9 0 3 5 7 6 0 2 2 5 3 0 1 2 3 3 0 1 3 5 3 
1
91 141 172 166 71 115 138 179 190 77 74 101 114 100 50 20 63 55 45 27 0 10 10 5 8 0 4 4 4 5 4 6 8 13 17 0 4 5 7 5 0 4 4 7 5 0 2 4 4 4 0 1 2 4 4 0 2 4 4 5 0 1 2 4 5 
1
78 140 187 194 93 100 143 210 255 110 56 93 106 125 59 14 56 42 32 25 0 8 7 6 7 0 2 3 5 3 8 6 9 14 16 0 5 6 9 6 0 2 3 7 5 0 2 2 3 3 0 2 2 3 5 0 2 3 3 3 0 2 3 5 3 
1
93 140 132 99 64 113 152 183 215 100 101 106 101 98 50 42 71 57 58 38 0 7 8 6 6 0 4 4 4 5 6 10 14 21 19 0 2 4 7 5 0 2 2 4 5 0 2 2 4 4 0 2 2 2 4 0 2 4 5 2 0 1 2 4 4 
1
87 128 136 95 56 118 140 164 180 74 83 111 114 107 56 37 83 73 61 35 2 25 20 16 13 0 2 2 4 4 0 2 2 4 4 2 6 10 18 15 0 2 4 5 5 0 2 2 5 4 0 1 2 2 4 0 1 2 2 4 0 2 2 4 4 
1
62 117 136 110 54 94 142 186 220 93 97 117 138 145 65 67 75 63 70 55 10 11 9 10 22 0 5 6 3 5 0 2 2 3 5 3 5 10 14 16 0 2 3 6 5 0 2 2 5 5 0 2 2 3 2 0 1 2 3 3 0 1 2 3 5 
1
86 143 161 144 68 109 145 174 199 81 88 109 114 131 62 13 63 53 45 29 0 9 9 7 6 0 4 4 4 4 7 8 14 28 20 0 2 5 8 6 0 2 5 6 5 0 2 2 4 4 0 1 2 4 5 0 1 2 4 4 0 2 2 2 4 
1
82 144 180 177 76 108 137 182 220 86 76 103 112 117 62 48 60 52 51 47 0 9 5 5 5 0 3 3 5 7 8 6 10 18 17 0 3 6 7 6 0 3 3 6 5 0 2 2 3 5 0 3 5 3 5 0 2 6 3 5 0 1 1 3 2 
1
76 152 180 148 58 92 153 180 184 78 77 103 111 115 51 21 65 57 57 29 0 7 10 5 7 0 4 2 4 4 6 7 11 18 22 0 4 6 11 6 0 6 6 10 6 0 1 2 4 4 0 1 2 4 5 0 1 2 2 4 0 2 4 4 4 
1
77 134 153 149 63 123 140 169 172 69 89 116 120 126 57 28 71 59 57 31 13 11 8 13 24 0 2 2 4 6 1 6 8 14 14 0 4 4 8 6 0 5 6 11 7 0 2 2 4 4 0 2 4 4 4 0 1 2 4 4 0 2 2 2 4 
95 2431 133 1252 172 1952 219 1782 108 1447 109 2900 133 1131 179 1252 252 3231 128 2146 78 1154 100 1180 114 1672 143 3238 81 1873 32 653 56 406 52 228 50 554 38 413 2 406 10 272 10 184 7 230 9 385 0 32 3 125 4 145 4 134 5 151 6 403 5 158 9 277 16 702 19 562 0 0 3 99 4 97 8 151 8 137 0 0 2 32 3 99 5 134 6 118 0 0 2 67 2 97 3 106 4 149 0 0 2 152 3 220 3 183 4 285 0 32 2 220 3 346 3 211 4 189 0 0 1 52 2 47 3 63 4 151 
two
1
370 70 87 118 205 133 89 75 52 68 68 128 135 81 70 38 83 82 42 27 16 50 40 19 12 7 18 15 17 11 0 9 8 11 8 0 2 4 6 6 0 2 3 4 6 0 2 2 3 3 0 2 2 2 3 0 1 3 3 4 0 1 2 3 3 
1
398 81 83 110 164 149 89 63 45 48 71 116 116 67 61 29 80 70 38 28 12 43 33 18 14 5 18 14 18 14 0 7 6 12 7 2 4 7 12 12 0 2 4 7 6 0 2 4 4 4 0 1 2 2 4 0 2 2 4 4 0 1 2 2 4 
1
356 56 87 125 181 100 148 110 73 69 77 148 132 83 73 23 84 70 38 30 10 28 24 21 20 8 18 11 19 13 0 7 8 9 9 0 3 6 6 8 0 2 3 3 4 0 2 2 3 4 0 2 2 2 3 0 1 2 3 3 0 1 2 3 3 
1
361 63 104 134 210 116 135 103 66 68 65 136 123 68 60 34 84 71 43 30 16 34 26 28 18 0 9 9 12 9 0 3 3 7 8 1 4 4 7 11 0 2 3 3 3 0 1 2 2 3 0 1 2 3 4 0 1 2 2 4 0 1 2 3 3 
1
341 45 75 104 176 176 117 95 70 80 64 139 118 68 70 34 91 73 41 32 17 48 37 27 19 8 21 17 18 14 0 7 6 8 7 0 4 7 12 11 0 3 7 9 8 0 2 2 4 4 0 1 2 3 3 0 1 2 2 3 0 1 2 3 4 
1
360 58 75 95 155 150 126 103 73 70 59 138 123 74 59 39 88 76 40 28 16 49 37 26 17 4 25 18 15 12 2 9 8 11 10 0 3 7 9 12 0 2 3 6 6 0 2 3 4 4 0 1 2 3 3 0 1 2 2 3 0 1 2 3 3 
1
372 46 69 96 150 75 160 132 83 70 76 132 123 88 67 30 77 64 37 27 11 36 30 20 13 5 17 14 12 13 0 5 5 6 7 0 3 7 9 7 0 2 3 6 5 0 1 2 3 3 0 2 2 5 3 0 1 2 3 3 0 2 3 3 3 
1
368 50 75 109 155 149 125 108 68 67 52 146 123 75 59 22 91 76 43 29 10 43 36 22 15 3 17 16 15 13 0 6 5 7 6 0 2 6 10 7 0 2 3 6 6 0 2 2 5 3 0 1 2 2 5 0 1 2 2 5 0 2 2 3 3 
1
371 63 97 113 169 122 128 114 73 68 43 135 121 72 58 27 81 69 38 23 14 41 33 23 15 5 18 15 13 9 1 12 9 10 9 0 3 6 10 9 0 3 5 6 6 0 2 2 2 3 0 2 2 3 5 0 2 2 3 3 0 2 2 3 3 
1
352 59 87 115 178 165 125 103 68 71 53 142 121 65 51 25 86 73 40 26 14 45 36 28 18 4 21 16 19 12 0 6 4 8 6 0 3 4 9 7 0 3 6 10 8 0 1 2 3 3 0 2 2 3 4 0 1 2 2 3 0 1 2 3 3 
380 3141 67 488 96 861 129 1763 169 1498 124 2870 117 1766 106 1916 70 1052 78 1165 58 937 134 913 145 953 80 678 73 673 39 212 91 667 95 768 52 384 42 519 15 435 48 588 44 613 24 251 22 251 3 301 18 406 15 347 13 355 13 326 0 42 6 216 7 207 10 266 10 201 0 97 3 95 4 164 8 337 9 436 0 0 2 47 3 115 4 110 4 116 0 0 2 32 2 47 3 110 4 84 0 0 2 52 2 0 3 74 3 48 0 0 1 48 2 0 3 52 3 67 0 0 2 53 2 42 2 57 3 67 
three
1
166 81 72 72 83 100 109 123 104 70 56 126 125 81 67 73 106 93 58 61 54 61 46 23 28 37 29 18 11 22 17 13 9 9 17 0 7 7 7 13 3 3 6 8 14 3 3 6 8 13 0 1 2 2 3 0 2 2 3 4 1 2 6 7 10 
1
202 30 43 64 85 104 60 66 67 64 52 125 155 128 94 48 133 168 102 80 59 87 91 45 35 45 44 40 19 23 51 26 18 12 21 20 7 6 8 18 11 6 8 13 22 0 4 4 4 7 1 5 5 5 8 0 3 6 3 3 3 2 4 5 7 
1
21 12 15 21 23 214 39 56 75 104 137 60 62 66 74 75 114 126 86 69 32 121 131 71 61 54 74 72 34 33 54 33 27 16 30 58 16 11 14 29 17 6 7 8 18 2 3 5 7 14 1 3 4 6 10 0 2 2 3 4 3 2 3 7 9 
1
163 31 50 66 82 121 58 66 61 72 75 101 114 90 67 48 136 167 113 91 83 108 113 60 58 80 54 50 27 37 65 26 20 15 29 35 7 8 10 19 7 5 6 7 14 0 4 4 7 12 0 2 2 2 3 0 2 3 4 7 0 1 2 3 4 
1
189 34 43 55 74 80 118 135 114 87 63 157 184 125 99 64 122 123 65 57 64 68 57 27 38 62 29 21 13 29 17 10 9 9 18 5 6 6 9 14 0 4 5 5 7 0 4 5 4 4 0 2 2 3 6 0 2 3 3 3 0 1 2 2 4 
1
204 32 55 80 125 119 81 90 81 72 60 121 129 88 69 52 117 122 64 57 48 71 65 32 30 59 30 23 17 31 67 15 10 12 28 16 6 5 8 18 9 4 6 9 15 2 3 6 8 14 0 2 2 2 3 2 3 6 6 11 12 3 6 13 15 
1
149 27 37 50 62 203 43 57 83 106 97 85 90 80 70 36 124 140 86 59 47 113 119 63 50 66 72 68 33 35 56 34 27 14 26 30 18 11 8 16 16 6 7 7 12 0 4 6 8 12 0 3 4 4 5 0 1 2 3 4 0 1 2 3 3 
1
196 32 49 69 87 105 97 102 99 75 54 142 162 115 81 56 131 136 77 66 68 68 61 31 38 66 31 23 15 31 42 11 9 9 16 4 5 6 7 11 3 4 6 8 16 0 2 4 3 3 0 2 3 3 4 10 3 6 11 15 2 5 6 10 12 
1
194 55 65 72 92 109 100 102 90 76 54 135 140 96 69 62 125 139 78 64 54 80 79 38 33 57 36 26 16 26 45 15 12 12 24 15 7 7 9 17 3 4 7 12 15 0 2 4 4 5 0 2 2 2 3 0 1 2 4 4 0 1 2 3 3 
1
166 33 56 67 73 183 66 67 78 93 97 111 116 96 74 39 125 138 87 60 45 93 91 47 41 66 49 40 21 41 89 19 14 15 35 30 10 9 10 22 1 4 6 7 12 0 4 4 7 9 0 2 2 3 3 1 2 2 5 7 0 1 2 2 4 
149 2876 38 1113 49 649 64 750 83 1762 106 1671 57 2082 67 2906 60 1591 66 1030 52 716 109 612 151 1094 102 734 77 392 46 619 121 744 162 1641 99 1131 78 1160 57 1470 93 750 109 1242 61 640 52 711 53 1451 53 719 50 821 27 306 27 281 42 2048 22 491 18 377 14 116 19 205 28 1157 9 170 8 142 10 190 16 255 23 1502 6 141 8 176 10 173 16 314 4 347 4 67 5 117 6 92 10 127 0 0 2 63 2 42 3 57 4 88 0 0 1 48 2 47 2 71 4 107 0 42 1 67 2 67 3 117 3 178 
four
1
186 25 38 45 60 215 29 49 70 92 170 31 38 50 60 36 103 99 81 45 34 71 88 80 33 30 48 61 46 23 33 42 51 48 21 36 34 32 34 22 72 20 18 26 28 18 12 21 30 19 0 4 6 12 6 0 3 4 5 4 0 2 2 3 3 
1
131 27 40 48 51 57 86 60 56 32 44 116 150 129 55 47 87 120 84 40 59 82 117 97 48 74 47 61 59 37 49 31 34 35 26 45 16 16 28 22 0 7 7 12 9 0 2 4 6 4 0 2 2 3 3 0 1 2 2 4 0 2 2 3 4 
1
146 48 41 58 61 64 143 165 119 56 62 106 143 108 50 56 80 110 100 42 41 56 70 63 26 44 32 35 35 20 23 16 17 22 22 2 7 8 14 11 0 3 4 5 4 2 2 3 5 9 0 2 2 3 3 0 1 2 3 3 0 2 2 3 3 
1
134 22 31 43 54 167 32 51 66 78 76 103 126 129 61 64 106 144 121 55 54 81 115 99 42 35 46 58 42 22 38 24 24 27 21 42 17 21 35 23 5 7 9 15 11 0 3 5 6 4 0 2 2 3 3 0 2 2 2 4 0 2 3 7 4 
1
21 13 20 19 21 0 5 5 8 7 0 3 4 4 5 23 6 10 17 19 109 20 23 30 41 148 20 36 46 65 47 111 103 88 50 60 120 193 180 85 39 100 147 109 54 46 64 81 71 34 29 26 29 35 21 75 17 20 32 23 71 10 16 29 22 
1
176 25 40 58 76 150 29 39 56 65 39 95 84 55 38 56 87 101 70 38 48 71 99 72 34 44 50 67 50 26 59 42 43 34 31 76 32 31 44 37 45 17 21 30 29 1 3 5 10 7 0 2 2 3 3 0 2 2 3 3 0 2 2 3 3 
1
70 18 24 29 33 126 23 33 51 59 93 79 74 67 42 67 118 163 142 65 62 94 122 100 41 57 70 87 81 34 35 44 44 47 20 18 19 20 26 17 21 11 18 28 24 1 4 6 14 8 0 2 4 6 4 0 2 2 2 3 0 1 2 3 4 
1
76 127 86 60 63 56 136 161 146 72 77 108 143 131 54 60 76 107 94 38 46 44 55 55 23 32 21 24 32 18 21 17 23 36 22 2 6 9 20 11 0 2 4 5 4 0 2 2 3 3 0 1 2 3 3 0 2 2 3 3 0 2 2 2 4 
1
208 23 38 59 75 214 27 39 53 67 91 79 76 75 48 64 93 122 107 49 55 73 97 81 33 47 56 75 63 26 27 33 40 39 19 26 19 23 33 20 0 11 10 14 10 4 5 9 19 9 0 2 3 4 3 0 2 2 3 3 0 2 2 3 3 
1
189 42 53 67 66 89 148 169 142 62 72 106 136 111 47 51 71 99 74 32 34 41 56 46 19 19 22 26 26 15 16 14 17 27 17 0 6 8 16 9 0 3 6 9 6 0 1 3 3 4 0 2 2 3 3 0 1 2 3 3 0 1 2 2 4 
162 3063 42 1532 53 1107 69 1222 80 1208 97 1969 90 2549 106 3450 109 3491 70 1283 67 933 99 1080 130 1883 136 3034 68 1545 55 568 70 574 98 991 93 2212 44 1035 38 999 48 785 64 1244 59 1932 29 702 35 1131 36 806 42 951 45 1410 27 508 31 1595 26 693 28 626 36 887 26 687 29 834 17 313 18 313 30 523 23 424 8 568 7 107 9 134 17 171 13 82 0 97 3 84 4 84 7 200 6 126 0 0 2 67 2 71 3 67 3 52 0 0 2 67 2 103 3 99 3 84 0 0 2 85 2 99 3 132 3 129 
five
1
146 24 35 49 56 42 58 44 46 28 56 84 90 117 60 61 80 91 111 54 45 79 75 74 40 30 62 54 47 36 65 39 35 27 33 50 22 23 16 23 20 14 11 11 16 64 6 11 17 26 160 13 20 30 41 30 8 10 20 23 0 4 8 7 6 
1
165 27 28 44 56 81 66 57 58 47 65 94 117 149 100 63 87 111 144 84 49 81 79 82 51 28 57 43 38 29 50 31 23 20 25 41 18 12 14 21 18 17 12 11 15 69 11 11 18 23 118 9 12 19 29 22 6 9 12 18 0 3 4 4 3 
1
134 16 24 39 56 166 27 32 50 67 62 97 98 116 61 66 94 106 125 66 56 85 79 90 48 32 64 49 53 35 41 39 28 27 31 45 20 17 17 26 22 11 9 10 16 76 7 14 17 28 119 10 15 23 35 4 7 10 13 13 0 1 2 3 3 
1
131 25 30 43 55 116 62 48 49 43 61 108 132 163 91 74 93 108 134 77 68 81 72 83 53 72 57 45 57 42 70 30 21 27 33 59 18 15 15 25 5 13 8 9 13 16 6 7 11 19 111 10 18 23 34 6 6 8 10 11 0 2 2 3 3 
1
131 41 45 52 62 82 91 87 99 59 76 105 130 152 85 82 96 99 115 64 61 71 61 70 43 52 42 34 42 35 38 24 19 16 22 34 13 13 12 19 25 9 10 12 18 69 8 13 24 36 64 10 15 20 29 0 2 3 2 3 0 2 2 3 3 
1
142 23 34 46 61 146 21 29 41 51 56 96 94 106 60 73 87 94 114 59 64 79 75 89 43 58 61 56 69 40 57 41 33 32 36 66 20 20 17 27 22 13 10 10 17 5 10 7 11 14 94 8 12 19 32 105 9 18 25 36 0 2 4 4 4 
1
202 24 37 56 73 98 81 67 75 55 76 110 112 147 77 72 92 89 125 59 72 72 66 85 49 34 46 37 39 32 28 19 15 13 19 11 10 7 8 13 7 10 9 11 11 20 6 8 15 21 92 9 14 25 32 0 3 4 4 6 0 2 2 3 4 
1
145 24 45 60 71 92 99 93 101 63 59 106 113 147 71 57 91 90 102 52 58 74 69 92 51 32 54 42 42 31 30 27 20 16 20 15 13 12 7 15 12 14 9 11 17 65 9 13 21 28 70 6 8 14 21 8 4 6 9 13 0 2 3 4 4 
1
139 25 32 41 53 115 53 48 48 53 64 115 130 156 80 64 99 106 106 55 53 78 70 83 49 56 45 38 44 32 73 24 20 20 31 34 13 12 12 21 18 11 8 9 15 25 8 9 14 18 100 9 14 24 31 3 8 12 12 11 0 1 2 2 3 
1
155 27 47 65 76 47 115 124 142 78 64 110 117 135 75 60 91 89 94 49 48 65 57 63 43 39 36 25 27 28 49 17 12 12 18 12 10 7 8 13 50 9 12 18 25 114 9 17 27 31 40 7 12 17 24 0 2 3 4 4 0 2 3 3 3 
110 1828 26 558 30 362 40 470 52 766 71 1925 66 1425 72 1673 100 2625 71 1367 56 709 79 413 94 855 133 1616 81 1255 51 680 72 245 79 671 99 1626 62 1030 45 1356 61 208 55 435 61 845 47 515 42 729 42 250 35 306 36 422 39 384 40 853 23 324 20 379 20 272 30 288 27 1000 15 285 14 341 12 88 19 149 52 2021 11 313 12 360 15 363 22 533 124 2031 11 244 16 326 23 598 37 800 106 1255 11 178 15 223 23 346 34 604 16 1031 5 166 7 141 10 317 12 422 0 0 1 70 2 74 2 70 3 84 
six
1
121 20 30 47 61 114 41 65 87 109 110 44 60 88 102 83 60 55 44 41 48 72 90 63 49 62 25 22 21 34 0 1 1 2 2 1 2 4 4 5 33 14 22 34 31 161 31 47 77 93 202 41 60 88 116 202 26 38 61 84 82 12 17 28 31 
1
158 22 32 47 67 178 46 60 78 110 172 33 40 52 77 64 72 97 60 51 51 44 50 29 29 22 5 6 11 19 0 1 1 2 2 0 1 1 2 2 164 17 27 44 60 255 26 33 56 87 268 22 30 47 84 170 10 15 23 45 2 3 4 8 6 
1
162 28 41 54 80 165 53 65 93 126 131 43 44 45 63 54 70 88 61 58 54 37 41 26 31 5 4 7 7 15 0 1 1 2 3 58 14 18 30 35 208 21 29 44 72 251 26 39 64 104 256 15 25 45 80 51 5 8 13 17 0 2 2 3 3 
1
167 34 44 60 83 171 38 59 84 122 164 43 40 41 59 69 71 90 61 59 79 39 35 28 39 9 5 7 8 14 0 3 2 2 3 65 13 22 29 33 218 24 29 46 65 251 22 35 54 80 243 14 20 34 65 57 9 12 22 22 0 2 2 2 2 
1
171 45 58 77 106 182 44 53 71 93 78 85 101 70 71 84 62 60 40 42 52 8 10 15 26 0 1 2 3 3 13 10 17 22 20 218 22 26 41 64 251 24 37 54 96 279 14 22 43 87 68 7 10 16 26 0 2 2 3 3 0 2 2 2 3 
1
155 24 32 51 74 164 52 70 95 116 178 39 42 59 80 61 78 89 58 48 61 43 39 24 30 21 9 7 10 16 3 1 2 3 5 17 10 15 25 22 184 16 27 48 55 237 27 36 55 84 245 18 28 43 76 121 8 14 19 35 0 2 2 5 5 
1
179 40 57 79 107 173 48 58 80 112 71 64 72 51 43 55 53 47 30 37 47 16 16 14 21 0 1 2 2 2 1 4 5 6 6 101 13 19 33 39 231 22 36 52 78 271 29 37 60 85 259 19 21 35 65 51 5 8 14 26 0 2 2 3 3 
1
166 35 53 83 101 181 36 52 72 94 66 75 88 61 51 81 53 52 35 42 39 14 17 15 24 0 1 2 3 5 0 3 7 6 5 152 15 24 35 50 232 26 34 53 79 274 19 29 54 94 228 10 17 33 60 16 5 6 9 10 0 2 3 3 4 
1
177 31 44 60 80 187 48 65 93 121 138 52 54 58 73 61 74 84 53 46 67 38 39 22 28 15 5 8 10 19 3 2 2 4 8 19 10 16 22 22 196 16 27 46 66 250 22 38 58 91 247 16 25 41 69 35 6 10 17 17 1 3 3 4 5 
1
149 18 31 44 52 167 43 64 86 112 170 32 42 59 77 56 81 93 62 50 69 54 51 31 36 22 8 9 12 23 0 1 1 2 2 13 13 19 29 26 178 21 26 45 62 263 19 25 46 75 262 14 20 36 61 113 10 14 21 32 0 2 2 4 4 
100 1166 22 334 29 310 46 372 62 433 105 895 38 279 51 285 75 521 100 637 107 1104 35 488 40 593 50 804 62 895 49 1008 66 659 80 947 62 937 50 726 58 992 48 558 52 652 38 564 34 512 42 1252 11 267 10 137 12 179 19 322 3 331 2 88 2 118 3 226 5 343 5 302 4 158 7 260 9 231 10 249 79 1437 15 296 21 333 33 360 47 450 167 904 19 210 30 288 50 593 78 969 195 927 21 316 32 297 51 549 81 794 156 2009 14 200 20 294 32 355 48 674 25 1752 4 129 5 107 8 178 12 341 
seven
1
185 29 35 52 72 187 44 60 87 119 207 45 58 78 113 80 78 111 104 74 81 94 127 135 84 96 67 48 47 34 144 17 30 40 47 31 44 46 37 23 2 8 9 7 5 0 2 2 3 4 0 2 2 2 4 0 2 3 3 4 0 2 5 5 6 
1
206 32 41 60 83 211 63 84 121 140 237 56 80 107 134 67 99 116 99 75 45 88 81 68 50 156 42 36 45 61 45 15 18 19 23 0 10 10 11 10 0 2 3 3 3 0 2 3 3 3 0 1 2 3 3 0 2 3 3 3 0 2 2 3 3 
1
223 31 43 59 89 228 59 87 118 148 204 50 61 76 88 73 106 111 94 77 50 93 95 71 57 121 44 32 39 49 93 15 24 29 39 0 5 9 10 8 0 2 3 3 3 0 2 3 4 5 0 2 2 3 3 0 2 3 3 3 0 3 4 4 4 
1
212 37 52 64 97 217 56 82 111 149 211 51 71 87 109 76 100 124 114 94 75 97 97 83 64 151 32 34 46 47 18 27 33 22 20 0 3 4 4 6 0 3 3 3 4 0 1 2 3 3 0 2 3 3 3 0 1 3 3 3 0 1 2 3 3 
1
208 38 52 80 102 205 65 88 133 167 193 60 62 71 90 65 101 134 120 95 56 97 96 83 63 125 44 35 38 43 21 12 15 22 22 0 5 5 5 6 0 2 3 3 4 0 2 3 3 3 0 2 3 3 3 0 4 6 5 3 1 4 8 9 8 
1
277 59 79 121 172 254 44 68 95 118 75 114 135 122 83 63 103 115 94 57 101 53 37 41 46 34 10 12 19 29 1 3 4 7 9 0 3 3 3 5 0 2 2 3 3 0 1 3 3 3 0 2 2 3 4 0 2 2 3 5 1 2 4 6 7 
1
320 82 107 147 190 200 73 69 64 82 74 126 128 113 83 56 94 93 70 52 131 21 24 33 42 5 4 6 8 13 0 8 7 8 8 0 3 3 4 4 0 1 2 3 3 0 2 2 3 4 0 1 2 2 4 1 4 7 8 7 0 2 3 2 3 
1
243 26 42 66 89 244 52 82 125 160 242 41 61 85 108 70 115 122 102 74 40 98 93 72 45 82 54 35 32 35 24 5 8 15 17 0 3 2 4 5 0 2 2 3 5 0 2 2 3 4 0 2 2 3 3 0 2 3 4 3 0 1 2 3 4 
1
225 35 54 77 98 243 64 80 120 159 225 50 75 94 117 83 110 116 102 71 51 94 86 67 47 94 47 29 30 35 22 7 12 15 19 0 3 3 4 5 0 2 3 4 6 0 2 3 4 4 0 2 3 3 4 0 2 3 3 3 0 2 2 3 3 
1
243 25 35 55 74 247 61 87 112 155 236 49 66 92 105 73 122 137 115 81 52 98 98 76 54 76 40 31 27 32 9 9 12 13 14 0 3 4 4 5 0 2 2 3 4 0 2 2 3 4 0 2 3 3 4 0 2 2 3 4 0 1 2 3 4 
143 2308 32 327 47 403 69 558 90 750 154 1606 51 593 74 693 101 697 129 1188 140 1686 54 1471 56 1251 67 1297 75 1140 63 1171 99 884 117 1187 132 1789 96 1050 75 945 81 703 87 875 92 1391 70 668 132 2996 26 899 31 729 44 1063 56 1414 62 2477 17 454 20 704 27 1067 34 1268 6 484 9 476 8 281 8 320 9 341 0 32 3 92 3 67 3 67 4 82 0 32 2 57 2 63 3 94 3 82 0 0 2 47 2 42 3 63 3 99 1 251 2 149 3 141 4 240 4 250 0 0 2 110 2 116 3 160 3 196 
eight
1
143 95 72 65 85 116 114 119 104 104 80 103 114 70 60 72 51 47 26 33 35 17 11 12 19 4 4 5 8 11 88 21 33 49 78 238 20 34 63 107 146 13 15 20 35 1 5 7 9 11 0 2 2 3 4 0 2 2 3 4 0 2 2 3 3 
1
157 79 57 57 82 120 130 125 96 112 97 116 125 100 89 70 84 85 43 41 55 29 21 13 18 3 8 6 5 11 0 2 2 3 3 227 16 22 34 64 124 9 14 19 32 0 6 7 9 10 0 2 2 3 3 0 1 2 2 4 0 2 2 3 4 
1
205 96 58 54 73 164 119 93 88 105 111 110 85 61 72 77 61 49 30 42 38 11 10 12 21 0 4 3 5 9 0 1 2 3 4 206 19 33 50 80 63 11 15 20 26 0 5 7 7 7 0 2 2 3 3 0 2 2 3 3 0 1 2 3 4 
1
192 60 59 64 88 106 104 119 97 93 89 108 127 77 71 81 66 68 38 36 41 30 20 15 19 0 2 2 3 3 114 19 27 38 76 209 14 25 37 61 72 11 16 24 35 0 3 5 5 5 0 2 3 4 4 1 4 8 9 11 0 3 6 3 3 
1
176 45 45 45 64 125 105 94 85 102 127 105 140 101 110 110 95 107 59 72 77 30 22 16 28 12 5 3 8 15 4 6 9 11 12 168 22 28 33 50 194 10 18 25 44 58 7 9 14 28 0 4 5 6 6 0 2 2 4 3 0 2 2 2 3 
1
178 58 38 47 71 107 115 114 108 94 126 117 124 80 91 90 80 71 44 61 56 30 18 19 30 3 22 14 8 14 0 3 5 4 5 206 32 42 60 104 51 18 23 27 31 0 2 3 4 4 0 10 15 13 9 4 21 35 24 13 3 8 16 13 11 
1
224 50 42 43 81 156 126 118 101 108 145 116 133 96 105 94 83 92 56 56 93 32 23 18 28 14 8 5 7 13 0 2 3 3 4 123 19 29 34 60 43 11 12 22 28 0 3 4 4 4 0 1 2 2 3 0 2 2 3 3 0 2 2 3 3 
1
188 81 71 68 82 138 135 146 133 135 123 125 143 102 103 103 75 78 43 43 24 21 14 8 18 2 5 5 6 7 0 3 4 3 4 201 14 20 32 56 63 8 13 17 26 0 2 3 4 4 7 3 4 6 9 0 1 2 3 3 0 2 2 3 3 
1
152 105 76 71 77 115 139 172 142 119 109 119 153 95 80 91 66 67 40 40 48 12 8 10 21 1 4 5 4 6 13 10 16 21 22 176 18 24 40 62 82 9 15 20 28 0 4 8 7 8 0 2 3 6 7 0 1 2 2 4 0 1 2 2 3 
1
205 81 68 59 73 135 126 143 118 124 116 108 115 73 76 77 57 54 31 31 50 19 12 10 22 1 2 4 6 11 78 19 25 44 75 179 18 22 32 50 10 8 9 11 15 0 1 2 3 3 0 2 3 4 7 0 2 2 3 4 0 2 2 4 5 
171 1612 68 584 55 567 67 796 71 410 107 2060 125 735 136 1089 138 815 115 928 106 2086 124 568 139 1611 106 950 87 785 76 1199 91 882 95 928 56 536 42 375 46 1395 32 600 24 572 15 218 18 228 3 392 8 534 6 339 6 275 7 223 0 0 1 52 2 32 2 53 3 32 150 3714 16 488 23 447 32 366 58 677 80 3200 10 303 14 344 21 445 34 712 5 402 5 125 7 220 9 275 10 357 0 0 2 74 2 52 3 88 4 123 0 0 2 52 2 0 3 52 3 47 0 0 2 53 2 42 2 52 3 32 
nine
1
84 131 149 148 97 68 116 132 147 79 65 103 120 134 67 54 82 77 78 45 37 50 42 34 33 41 24 21 17 23 0 4 4 5 10 0 2 2 4 4 4 8 12 19 15 5 4 4 8 12 0 2 2 4 4 0 2 2 3 4 0 1 2 3 4 
1
87 129 151 180 112 92 120 153 207 116 56 98 94 101 53 34 65 54 54 42 17 29 22 22 22 9 17 14 10 16 0 2 2 3 4 9 17 17 20 22 0 4 5 7 7 0 3 3 6 9 0 2 3 5 5 22 9 16 24 27 55 7 10 22 23 
1
96 143 136 131 97 75 135 139 144 92 62 109 105 109 65 31 87 75 62 43 30 59 47 35 33 19 25 17 16 25 0 3 2 3 4 0 2 2 3 3 8 10 14 16 15 2 3 5 8 11 0 2 2 4 4 0 4 5 4 4 0 2 2 3 3 
1
81 127 125 145 89 87 117 131 157 99 77 99 108 133 66 42 94 82 76 50 52 65 49 47 47 36 41 36 22 26 6 22 15 9 16 0 4 6 6 7 1 9 11 15 13 0 4 6 9 10 1 4 5 7 7 0 2 3 3 3 1 2 3 5 6 
1
153 174 138 134 116 87 128 113 114 85 69 95 83 93 57 61 66 52 61 48 44 39 28 23 34 10 20 16 10 19 0 3 7 5 5 1 5 6 9 11 0 6 8 8 8 4 6 8 9 9 0 1 2 3 3 0 2 2 2 3 0 3 7 4 3 
1
44 58 60 55 47 118 141 127 123 95 66 120 119 128 74 72 94 94 111 63 73 73 61 73 50 36 44 33 30 35 8 26 19 11 19 0 2 2 3 4 0 2 4 4 4 7 10 13 19 18 0 2 5 5 5 0 2 3 3 3 0 2 2 3 3 
1
142 157 135 129 111 114 132 123 132 84 77 97 97 113 68 39 72 60 62 43 37 40 33 23 29 8 22 21 11 20 0 2 2 4 4 0 2 2 3 4 9 8 13 18 15 0 3 5 9 8 0 2 3 4 4 0 2 2 3 3 0 2 2 4 4 
1
109 158 138 119 94 104 138 120 120 77 74 101 93 98 59 43 76 63 66 47 32 45 33 28 31 2 21 16 10 13 0 5 8 5 3 0 3 3 5 5 6 7 11 13 15 0 3 5 7 7 0 2 2 3 6 0 2 2 3 3 0 2 2 3 3 
1
94 146 142 123 88 79 127 131 146 82 79 102 104 122 68 42 82 66 72 48 34 51 40 39 34 13 28 23 14 19 1 17 12 6 11 0 2 3 3 4 17 10 12 17 26 0 4 3 7 5 0 3 4 7 5 0 1 2 3 3 0 2 2 3 3 
1
127 158 127 120 91 94 117 111 112 77 59 91 83 97 52 43 63 52 56 40 46 35 28 22 26 32 19 17 10 20 0 2 2 5 5 0 1 4 4 5 13 10 14 18 22 4 5 6 11 13 0 2 2 4 4 0 5 7 5 5 0 2 2 2 4 
72 2804 108 3118 109 2925 137 4460 99 3123 88 1830 116 1318 124 1538 171 3358 118 2249 78 826 103 667 105 1390 139 2527 94 1883 63 1200 83 711 74 1185 85 2165 69 1438 41 850 56 928 45 1038 44 1327 48 495 25 880 32 1180 26 1101 23 1067 27 793 9 1316 13 1138 10 920 8 698 11 912 2 441 5 622 4 381 5 343 6 416 6 335 7 191 9 202 12 365 16 519 1 79 4 120 6 253 8 184 10 184 0 32 2 178 4 310 4 216 5 287 0 0 2 129 3 171 3 148 4 165 0 0 1 70 2 74 2 95 2 97 
zero
1
2 4 7 6 6 151 12 19 23 36 207 39 43 61 85 157 73 76 53 77 66 112 139 75 61 37 100 146 91 59 29 80 93 65 36 36 71 82 56 35 50 46 44 38 35 37 22 22 30 27 9 14 11 14 17 0 6 6 7 6 0 2 3 4 3 
1
233 16 26 40 67 239 43 57 77 108 105 86 76 51 63 55 101 122 71 51 40 89 98 70 45 24 73 77 49 28 37 63 67 47 34 57 46 39 41 41 43 25 24 35 35 7 9 8 11 16 0 4 3 5 5 0 2 3 4 7 0 2 3 3 3 
1
190 28 39 53 75 229 60 65 82 112 131 105 117 73 71 37 114 161 98 77 40 90 101 69 55 34 69 78 51 28 31 59 60 43 35 33 41 35 29 26 17 23 18 19 18 1 11 9 9 7 0 3 5 3 3 0 2 3 3 3 0 2 3 3 3 
1
174 15 20 35 53 209 53 58 78 97 159 86 85 66 99 43 114 153 89 67 47 92 110 72 60 28 78 74 53 33 47 62 64 45 33 45 40 39 46 40 31 25 21 27 26 15 17 13 12 17 0 5 4 7 7 1 2 2 6 10 0 2 2 2 3 
1
218 15 29 48 65 201 58 67 82 99 117 111 110 69 76 47 113 142 87 65 30 91 92 61 44 22 80 68 48 30 45 66 61 50 39 43 46 41 36 28 31 23 23 34 31 7 12 8 13 11 0 3 3 5 5 0 3 3 5 3 0 1 3 3 3 
1
236 32 38 56 81 223 65 80 92 118 88 116 129 74 73 44 104 133 83 63 36 72 71 51 34 37 59 61 42 30 52 47 42 38 36 43 25 24 38 33 16 16 12 17 20 1 7 4 6 8 0 3 4 5 6 0 2 2 3 4 0 2 3 3 4 
1
227 12 22 31 52 217 49 59 82 99 184 78 79 74 86 64 123 131 76 66 43 95 104 69 55 28 67 68 47 29 27 62 60 44 30 24 37 30 31 27 21 19 13 20 21 4 10 9 16 13 0 6 3 5 5 2 3 5 9 9 0 2 3 3 3 
1
238 22 36 44 66 187 65 70 82 96 102 120 108 66 73 44 117 133 86 62 26 88 87 57 38 23 74 72 47 30 49 52 48 44 33 40 32 27 26 27 22 18 16 24 22 2 10 8 9 8 0 3 4 6 4 0 2 3 4 4 0 2 3 3 4 
1
231 37 46 55 81 204 59 70 89 118 106 120 111 68 74 48 109 134 86 74 31 79 78 55 37 17 61 61 40 23 34 41 34 42 35 23 26 27 34 29 19 15 13 18 16 2 11 8 8 6 1 3 5 8 8 0 2 3 4 4 0 2 2 2 3 
1
182 33 38 46 69 208 62 57 71 94 73 120 114 66 84 56 106 121 81 68 36 85 88 66 43 41 74 72 58 32 40 58 56 41 29 32 35 31 37 31 22 19 14 22 22 6 14 11 12 11 0 8 7 9 5 0 2 4 6 5 0 1 2 3 3 
141 3553 26 200 37 402 54 820 74 1088 141 2757 52 761 66 753 74 1082 100 1597 84 2662 90 1727 112 2168 78 1028 76 971 48 957 100 609 141 1061 98 1398 73 1209 35 583 77 314 95 678 68 840 54 998 30 381 53 685 61 791 44 578 38 665 36 1257 38 670 42 698 38 836 36 617 38 1795 25 448 26 419 31 670 34 1038 20 467 15 142 16 233 19 193 23 350 3 213 8 213 9 211 9 215 10 228 0 0 3 88 4 84 5 157 5 97 0 42 2 70 4 135 5 190 5 165 0 0 2 171 3 258 3 170 3 134 
